32
1 20 0 2272 5 0 1106 0 
2 20 0 72 5 1424 928 0
3 20 0 56 5 1440 864 0
4 20 0 88 5 1328 816 0
5 20 0 104 5 1280 752 0
6 20 0 112 5 1152 688 0
7 20 0 80 5 1400 608 0
8 20 0 136 5 960 448 0
9 20 0 72 5 888 512 0
10 20 0 336 5 560 588 0
11 20 0 324 5 448 708 0
12 20 0 96 5 776 740 0
13 20 0 72 5 872 708 0
14 20 0 48 5 952 676 0
15 20 0 56 5 1064 772 0
16 20 0 206 5 915 836 0
17 20 0 448 5 480 916 0
18 20 0 160 5 440 820 0
19 20 0 144 5 336 900 0
20 20 0 106 5 244 868 0
21 20 0 104 5 328 368 0
22 20 0 112 5 144 552 0
23 20 0 132 5 0 708 0
24 20 0 100 5 140 756 0
25 20 0 5 104 140 756 0
26 20 0 104 5 0 500 0
27 20 0 96 5 0 292 0
28 20 0 88 5 152 356 0
29 20 0 112 5 136 236 0
30 20 0 114 5 256 276 0