0 0 1 20 22 23 24 25 26 27 28 29 30 89 90 91 92 110 111 112 113 117 118 119 120 121 122 123 124 125 126 127 197 198 -1
0 1 1 10 11 17 18 19 20 21 30 52 53 54 55 60 93 94 95 96 97 114 115 116 128 129 130 131 197 -1
0 2 1 10 11 12 17 18 31 32 33 34 51 56 57 58 59 60 85 86 87 88 98 99 100 106 107 108 132 133 134 135 136 137 141 142 202 208 -1
0 3 1 8 9 10 12 13 14 15 16 17 37 38 82 83 84 101 102 103 104 105 106 138 139 140 143 144 145 146 187 -1
0 4 1 4 5 6 7 35 36 46 47 48 49 50 84 109 147 148 149 150 151 155 188 199 201 204 -1
0 5 1 2 3 7 39 61 62 63 64 65 66 67 68 69 152 153 154 156 157 158 159 170 171 172 173 174 182 189 190 192 200 203 207 -1
0 6 1 40 41 42 43 44 45 79 80 81 160 168 169 175 176 177 178 179 180 181 182 191 192 205 206 -1
0 7 1 45 70 71 72 73 74 75 76 77 78 79 80 161 162 163 164 165 166 167 183 184 185 186 193 194 195 196 -1
1 0 1 -1
1 1 -1
1 2 -1
1 3 -1
1 4 -1
1 5 -1
1 6 -1
1 7 -1
